688729
688300
688256
300285
688172
688702
300418
301217
600392
600362
003031
000657
605376
002281
002203
688433
002636
002436
300433
300223
300373
688249
601138
603986
300308
688146
002138
688017
688347
688041
688521
300782
600549
002384
688777
002600
688809
688141
603083
688630
601126
688668
688048
605589
688802
002179
300442
601633
688082
688331
000831
688795
301638
600885
603259
300548
688981
688525
688627
300502
688818
002353
000988
603156
300857
688027
600482
300475
300316
002475
688498
688375
600580
301165
601689
688313
002273
300666
688235
688200
300866
600276
600522
002484
002185
688008
000338
301200
600875
603893
000021
002653
002050
688012
603019
688808
002230
600460
601869
688549
002371
688322
002202
600879
601208
300394
600703
600292
002916
600111
600378
688047
600183
688820
300124
688120
300476
300058
688387
688037
002595
000977
300136
600497
002028
301377
688766
688775
301526
601360
300870
300672
300408
002156
600584
688411
002409
688002
688469
600010
688409
000630
002428
603296
601231
300054
301308
600673
600845
002241
688110
300570
600196
603459
688111
600118
300661
002463
000938
300757
601168
002422
000625
002938
000960
001280
002594
000636
000063
300395
688629
301358
688519
002049
601061
603195
603228
600601
001309
002851
601872
688361
001965
600741
002429
000066
688019
688187
605117
002414
300604
600487
002850
603659
601877
601100
603501
002415
688506
002236
688396
688234
002837
300015
603256
600089
002920
000708
688126
603993
000157
688781
002008
600377
688072
002128
300567
002311
603799
600104
301269
600039
000538
000408
601006
688009
605358
002602
601808
600406
300620
000895
600895
000651
301511
600372
601698
600869
300033
601607
300999
600900
300919
300014
002074
600941
601088
300274
302132
600905
600660
601727
600025
600436
000725
000333
600105
688223
688167
600019
601699
600018
600050
600000
601916
600887
002379
601919
002001
601012
600498
688183
000958
600009
600803
300750
600886
601229
601728
300751
601857
601985
002027
600026
601127
600893
600176
002352
600519
600221
600760
601939
300803
002142
601298
001389
000858
600219
600096
600674
601818
600938
600016
600926
002080
601825
601766
601995
300059
001257
301611
300760
000100
601901
002709
601018
000001
601658
000568
601899
601288
600309
002736
002304
600438
601169
600036
601668
000426
000617
601225
300498
601009
600585
003816
601888
603288
601988
688147
600919
601958
600999
600150
601398
002460
600958
600989
601211
600426
601186
600015
601788
000425
600031
600415
600028
002466
601166
601618
300450
600029
600030
601838
601816
600418
002714
300390
301666
001391
600048
300037
601328
603260
000768
000933
601238
000807
603268
600188
002648
601179
600489
000166
600011
601111
601898
000792
601390
000776
000975
001979
600809
002812
605499
600027
601998
600115
600600
600350
601066
002532
600346
600066
600795
601456
601688
601377
688036
601800
601077
601669
001289
601868
600023
600547
601881
601319
600930
600233
600726
600690
600578
000301
002493
600988
601628
601600
688271
600236
601318
601336
601601
600160
688783
688585
002625
601991
